0 137
1 180
2 186
3 143
4 124
5 87
6 116
7 85
8 82
9 69
10 83
11 89
12 103
13 75
14 72
15 64
16 70
17 45
18 60
19 65
20 55
21 58
22 48
23 58
24 64
25 74
26 74
27 82
28 64
29 79
30 60
31 70
32 61
33 82
34 84
35 76
36 91
37 104
38 127
39 150
40 189
41 183
42 229
43 237
44 274
45 251
46 275
47 330
48 407
49 472
50 603
51 706
52 717
53 728
54 706
55 659
56 634
57 589
58 576
59 564
60 604
61 616
62 656
63 627
64 654
65 579
66 531
67 489
68 415
69 363
70 370
71 321
72 303
73 304
74 280
75 335
76 324
77 314
78 289
79 276
80 304
81 298
82 298
83 277
84 264
85 246
86 231
87 190
88 165
89 138
90 152
91 129
92 123
93 106
94 141
95 115
96 142
97 129
98 134
99 144
100 150
101 159
102 147
103 162
104 192
105 206
106 187
107 221
108 192
109 247
110 235
111 245
112 270
113 290
114 309
115 308
116 335
117 409
118 427
119 444
120 412
121 478
122 483
123 554
124 641
125 674
126 668
127 725
128 788
129 770
130 813
131 824
132 797
133 903
134 904
135 956
136 950
137 894
138 926
139 897
140 1011
141 1045
142 1192
143 1360
144 1561
145 1732
146 1659
147 1732
148 1771
149 1743
150 1842
151 1846
152 1999
153 1944
154 2043
155 2148
156 2269
157 2367
158 2619
159 3005
160 3485
161 4005
162 4370
163 4689
164 4722
165 4540
166 4604
167 4378
168 4114
169 3841
170 3656
171 3637
172 3613
173 3696
174 3775
175 3963
176 3960
177 3794
178 3786
179 3835
180 3734
181 3866
182 3866
183 4389
184 5013
185 5697
186 6591
187 6634
188 6311
189 5565
190 5232
191 4840
192 4553
193 4498
194 4055
195 4073
196 4022
197 4084
198 4286
199 4201
200 4083
201 3978
202 4042
203 4124
204 4025
205 3780
206 3328
207 3050
208 2960
209 2818
210 2354
211 2089
212 1622
213 1356
214 1013
215 813
216 691
217 506
218 361
219 298
220 218
221 184
222 165
223 126
224 92
225 86
226 61
227 73
228 59
229 68
230 54
231 68
232 69
233 58
234 64
235 49
236 40
237 43
238 16
239 14
240 19
241 7
242 7
243 10
244 0
245 0
246 0
247 4
248 1
249 0
250 0
251 0
252 0
253 0
254 0
255 0
